c0_rf_stage1_stack,c1_rf_stage1_stack,c2_rf_stage1_stack
0.3459666666666667,0.6385333333333333,0.0155
0.8928666666666667,0.08563333333333333,0.0215
0.9040333333333335,0.07446666666666667,0.0215
0.9497333333333333,0.05026666666666667,0.0
0.8976333333333333,0.08586666666666666,0.0165
0.8845,0.045,0.0705
0.9693333333333333,0.006166666666666666,0.0245
0.012666666666666666,0.0048,0.9825333333333334
0.6473000000000001,0.35070000000000007,0.002
0.9900000000000001,0.008,0.002
0.8291000000000002,0.17089999999999994,0.0
0.8792666666666668,0.11973333333333334,0.001
0.95,0.002,0.048
0.997,0.0025,0.0005
0.996,0.0,0.004
0.992,0.006,0.002
0.2576666666666667,0.012,0.7303333333333333
0.9483333333333334,0.04766666666666666,0.004
0.8121777777777778,0.18782222222222222,0.0
0.8084000000000002,0.19159999999999996,0.0
0.983,0.013,0.004
0.32246190476190467,0.3828714285714287,0.29466666666666663
0.994,0.006,0.0
0.9873333333333334,0.012666666666666666,0.0
0.9823333333333333,0.017666666666666664,0.0
0.6789666666666667,0.3122,0.008833333333333332
0.8855333333333334,0.004,0.11046666666666669
0.998,0.002,0.0
0.9273666666666666,0.06863333333333334,0.004
0.5231095238095237,0.4768904761904763,0.0
0.8970666666666666,0.10293333333333335,0.0
0.9394666666666667,0.060533333333333335,0.0
0.9140761904761904,0.08592380952380954,0.0
0.1276904761904762,0.8723095238095238,0.0
0.3033571428571429,0.6966428571428571,0.0
0.012666666666666666,0.044599999999999994,0.9427333333333334
0.0115,0.014166666666666666,0.9743333333333334
0.9494904761904761,0.050509523809523824,0.0
0.9080666666666667,0.09193333333333334,0.0
0.793446031746032,0.0,0.20655396825396818
0.992,0.0,0.008
0.1584333333333334,0.0,0.8415666666666665
0.19943333333333338,0.0036666666666666666,0.7968999999999999
0.15276666666666666,0.012,0.8352333333333334
0.8246,0.1392,0.0362
0.971957142857143,0.028042857142857144,0.0
0.9763333333333335,0.02366666666666667,0.0
0.9077000000000001,0.002,0.09029999999999999
0.9641238095238095,0.03587619047619047,0.0
0.9482238095238095,0.051776190476190476,0.0
0.14113333333333336,0.004666666666666666,0.8542000000000003
0.11279047619047615,0.025633333333333334,0.8615761904761905
0.9368000000000001,0.06319999999999999,0.0
0.7681428571428569,0.23185714285714287,0.0
0.3058666666666667,0.6941333333333334,0.0
0.7213809523809522,0.2786190476190476,0.0
0.23913333333333336,0.7608666666666666,0.0
0.6358285714285714,0.36417142857142853,0.0
0.277,0.0,0.7229999999999999
0.13577619047619047,0.8310904761904763,0.03313333333333333
0.7813333333333334,0.2066666666666666,0.012
0.23066666666666666,0.020666666666666667,0.7486666666666668
0.08835952380952378,0.061599999999999995,0.850040476190476
0.9555333333333336,0.04446666666666667,0.0
0.5538333333333333,0.0,0.4461666666666667
0.992,0.004,0.004
0.3165333333333333,0.6834666666666667,0.0
0.999,0.0,0.001
0.3456,0.0013333333333333333,0.6530666666666667
0.8093333333333333,0.19066666666666665,0.0
0.7994761904761905,0.025523809523809525,0.175
0.6806666666666665,0.3193333333333333,0.0
0.9829999999999999,0.0,0.017
0.5059428571428571,0.48805714285714286,0.006
0.5001666666666666,0.4911666666666667,0.008666666666666666
0.16901190476190478,0.014047619047619047,0.8169404761904763
0.164,0.0,0.8360000000000001
0.2414333333333333,0.0,0.7585666666666667
0.8361000000000001,0.1474,0.0165
0.996,0.003999999999999999,0.0
0.9856666666666666,0.0,0.014333333333333332
0.9966666666666667,0.003333333333333333,0.0
0.11014285714285715,0.0,0.8898571428571429
0.9768333333333333,0.02316666666666667,0.0
0.9975,0.0025,0.0
0.9778333333333333,0.022166666666666668,0.0
0.18915238095238096,0.002,0.8088476190476189
0.24523333333333333,0.0016,0.7531666666666667
0.9242333333333334,0.07576666666666666,0.0
0.3108333333333333,0.0094,0.6797666666666666
0.5744047619047619,0.014733333333333333,0.41086190476190454
0.8099666666666667,0.021000000000000005,0.1690333333333333
0.3707634920634923,0.2684119047619047,0.3608246031746029
0.060833333333333336,0.4865547619047619,0.45261190476190477
0.996,0.004,0.0
0.996,0.004,0.0
0.8368904761904762,0.12370476190476191,0.03940476190476191
0.6582666666666666,0.17704999999999999,0.16468333333333332
0.47774761904761903,0.04261904761904762,0.4796333333333333
0.16603333333333337,0.0,0.8339666666666665
0.08197619047619047,0.7630904761904761,0.15493333333333334
0.7066,0.2914,0.002
0.16203809523809526,0.8347952380952381,0.0031666666666666666
0.994,0.006,0.0
0.9841666666666667,0.0,0.01583333333333333
0.7734333333333334,0.18386666666666662,0.0427
0.7116738095238098,0.27562619047619047,0.0127
0.9576666666666668,0.042333333333333334,0.0
0.9955,0.0,0.0045
0.966,0.027666666666666666,0.006333333333333333
0.9820000000000001,0.018,0.0
0.7835666666666666,0.2072333333333333,0.0092
1.0,0.0,0.0
0.9698999999999999,0.0301,0.0
0.9494666666666666,0.0,0.05053333333333334
0.8272999999999999,0.1727,0.0
0.8571666666666666,0.1428333333333333,0.0
0.9763333333333334,0.0,0.023666666666666666
1.0,0.0,0.0
1.0,0.0,0.0
0.9557333333333333,0.002,0.042266666666666675
0.9512666666666668,0.002,0.046733333333333335
0.92645,0.0179,0.05564999999999999
0.9966666666666667,0.0,0.003333333333333333
0.968,0.032,0.0
0.995,0.005,0.0
0.996,0.004,0.0
0.999,0.001,0.0
0.993,0.0,0.007
0.9706666666666667,0.029333333333333333,0.0
0.9690000000000001,0.031,0.0
0.9975,0.0025,0.0
0.9515000000000001,0.048499999999999995,0.0
0.9830000000000001,0.017,0.0
0.8925,0.1075,0.0
0.985,0.015,0.0
0.17346666666666666,0.001,0.8255333333333333
0.9161,0.013666666666666666,0.07023333333333333
0.9268619047619047,0.0,0.07313809523809527
0.8842952380952381,0.015,0.10070476190476191
0.1991,0.7938999999999999,0.007
0.2556388888888889,0.0,0.7443611111111111
0.996,0.0,0.004
0.998,0.0,0.002
0.2689666666666667,0.7310333333333333,0.0
0.8976666666666666,0.10233333333333333,0.0
0.6804761904761903,0.3195238095238095,0.0
0.9514,0.0466,0.002
0.5002,0.4998,0.0
0.5590666666666668,0.44093333333333345,0.0
0.998,0.002,0.0
0.9830333333333333,0.0,0.016966666666666668
0.9644666666666667,0.0,0.03553333333333333
0.23496666666666663,0.7650333333333335,0.0
0.7301333333333333,0.26986666666666664,0.0
0.22519999999999998,0.7747999999999999,0.0
1.0,0.0,0.0
0.9191333333333334,0.0,0.08086666666666667
0.3461,0.6538999999999999,0.0
0.4475857142857143,0.010833333333333334,0.5415809523809525
0.1364,0.0,0.8636
0.6505809523809524,0.28873333333333334,0.060685714285714315
1.0,0.0,0.0
0.985,0.004,0.011
0.9917999999999999,0.0008,0.0074
0.8332999999999999,0.16603333333333337,0.0006666666666666666
0.19955714285714288,0.036771428571428566,0.7636714285714284
0.998,0.0,0.002
0.8485000000000001,0.04,0.1115
0.8196999999999999,0.018866666666666667,0.16143333333333335
0.9821666666666666,0.017833333333333333,0.0
0.9706,0.0294,0.0
0.998,0.0013333333333333333,0.0006666666666666666
0.996,0.002,0.002
0.9923333333333333,0.0,0.007666666666666666
1.0,0.0,0.0
1.0,0.0,0.0
0.998,0.002,0.0
0.11452380952380953,0.6171666666666668,0.2683095238095237
0.4443333333333333,0.5556666666666666,0.0
0.27396666666666664,0.7260333333333333,0.0
0.6798428571428572,0.32015714285714286,0.0
0.8444666666666668,0.15553333333333333,0.0
0.9815,0.0185,0.0
0.972,0.028,0.0
0.9903333333333334,0.009666666666666665,0.0
0.989,0.011,0.0
0.05533333333333333,0.006999999999999999,0.9376666666666666
0.04,0.0031666666666666666,0.9568333333333334
0.18476666666666672,0.0065,0.8087333333333331
0.455104761904762,0.2080333333333333,0.3368619047619048
0.050633333333333336,0.4627999999999999,0.48656666666666676
0.9264000000000001,0.0736,0.0
0.9680333333333333,0.03196666666666667,0.0
0.965,0.008666666666666666,0.026333333333333337
0.2005333333333333,0.552052380952381,0.24741428571428578
0.9551666666666667,0.0,0.044833333333333336
0.5663333333333332,0.111,0.3226666666666666
0.9963333333333334,0.0,0.0036666666666666666
1.0,0.0,0.0
0.9629666666666664,0.0,0.037033333333333335
0.9629666666666664,0.0,0.037033333333333335
0.8127000000000001,0.1873,0.0
1.0,0.0,0.0
0.7803333333333331,0.20899999999999994,0.010666666666666668
0.9955,0.0,0.0045
0.9637666666666667,0.0,0.03623333333333333
0.9551333333333333,0.008,0.036866666666666666
0.9921666666666666,0.007833333333333333,0.0
0.9976,0.0024,0.0
0.18694761904761903,0.6535238095238095,0.15952857142857146
0.1491222222222222,0.08094126984126984,0.7699365079365078
0.753047619047619,0.0,0.24695238095238095
0.8149809523809525,0.0,0.18501904761904764
0.02994285714285714,0.016766666666666666,0.9532904761904761
0.020166666666666663,0.4796285714285712,0.5002047619047622
0.6978333333333334,0.0074,0.2947666666666666
0.998,0.002,0.0
1.0,0.0,0.0
0.97,0.025,0.005
0.968,0.025666666666666664,0.006333333333333333
0.968,0.025666666666666664,0.006333333333333333
0.9683333333333333,0.03166666666666666,0.0
0.9809333333333334,0.017066666666666667,0.002
0.998,0.002,0.0
0.9813333333333334,0.0,0.018666666666666665
0.23513333333333336,0.003,0.7618666666666668
0.5858333333333333,0.4141666666666667,0.0
0.5729000000000001,0.005066666666666667,0.4220333333333333
0.0288,0.040433333333333335,0.9307666666666666
0.8514214285714289,0.1305119047619048,0.018066666666666665
0.9423000000000001,0.04069999999999999,0.017
1.0,0.0,0.0
1.0,0.0,0.0
1.0,0.0,0.0
0.9955,0.0,0.0045
0.0913,0.025433333333333332,0.8832666666666665
1.0,0.0,0.0
1.0,0.0,0.0
1.0,0.0,0.0
0.1915904761904762,0.7836761904761905,0.02473333333333333
0.9944761904761905,0.0,0.005523809523809524
0.9743333333333335,0.0006666666666666666,0.025
0.961,0.0026666666666666666,0.03633333333333333
0.15783333333333335,0.0,0.8421666666666666
0.18713333333333335,0.0,0.8128666666666665
0.998,0.0,0.002
0.9913333333333334,0.004666666666666667,0.004
0.987,0.0,0.013
0.9933333333333333,0.006666666666666667,0.0
1.0,0.0,0.0
0.998,0.002,0.0
1.0,0.0,0.0
0.99,0.006,0.004
0.826847619047619,0.17315238095238092,0.0
0.9923333333333333,0.007666666666666666,0.0
0.968,0.032,0.0
0.9929333333333334,0.007066666666666666,0.0
0.251,0.7489999999999998,0.0
0.21913333333333337,0.7808666666666668,0.0
0.8036333333333333,0.19636666666666663,0.0
0.995,0.005,0.0
0.98,0.02,0.0
0.5439047619047614,0.45092857142857135,0.005166666666666666
0.9676666666666667,0.012333333333333332,0.02
1.0,0.0,0.0
1.0,0.0,0.0
0.933,0.062,0.005
0.38293571428571443,0.04452619047619047,0.5725380952380954
0.8743333333333334,0.11933333333333336,0.006333333333333333
0.977,0.002,0.021
0.3332333333333333,0.6667666666666666,0.0
0.5068190476190477,0.4931809523809523,0.0
0.49810952380952395,0.49972380952380935,0.0021666666666666666
0.30850000000000005,0.6915000000000001,0.0
0.21030000000000001,0.002,0.7877
0.053238095238095244,0.148,0.7987619047619048
0.17903333333333332,0.7589666666666667,0.062
0.37039999999999995,0.6296,0.0
0.8673,0.13269999999999998,0.0
0.8430999999999998,0.1569,0.0
0.0238,0.5341666666666669,0.4420333333333335
0.8055095238095238,0.1944904761904762,0.0
1.0,0.0,0.0
0.998,0.002,0.0
0.9008333333333334,0.09916666666666665,0.0
0.995,0.005,0.0
0.3739761904761904,0.0018333333333333333,0.6241904761904761
0.3882095238095238,0.002833333333333333,0.6089571428571425
0.9556666666666666,0.04266666666666667,0.0016666666666666666
0.952,0.047999999999999994,0.0
0.7988666666666666,0.1816666666666667,0.019466666666666667
0.9350095238095236,0.06419047619047619,0.0008
0.9952000000000001,0.0,0.0048
0.9933333333333333,0.0,0.006666666666666666
1.0,0.0,0.0
1.0,0.0,0.0
0.9862000000000001,0.013800000000000002,0.0
1.0,0.0,0.0
1.0,0.0,0.0
0.997,0.003,0.0
0.9014000000000001,0.0781,0.0205
0.47166666666666673,0.15776666666666664,0.3705666666666667
0.10516666666666667,0.4518984126984127,0.4429349206349207
0.9916428571428572,0.0,0.008357142857142858
0.9943095238095239,0.0,0.005690476190476189
0.9755333333333334,0.01746666666666667,0.007
1.0,0.0,0.0
1.0,0.0,0.0
1.0,0.0,0.0
0.8812666666666665,0.11273333333333331,0.006
0.8325666666666667,0.1674333333333333,0.0
0.6513666666666666,0.3486333333333333,0.0
0.9119833333333335,0.08801666666666666,0.0
0.6138619047619048,0.2449047619047619,0.1412333333333333
0.6274333333333332,0.033833333333333326,0.3387333333333334
0.99,0.004,0.006
0.33219999999999994,0.6330333333333334,0.03476666666666667
0.7525809523809524,0.16935238095238095,0.07806666666666665
0.7742999999999999,0.1942,0.03149999999999999
0.988,0.002,0.01
1.0,0.0,0.0
1.0,0.0,0.0
0.8185190476190478,0.0,0.18148095238095238
0.8108666666666666,0.0,0.18913333333333332
0.2778500000000001,0.002,0.7201500000000001
0.21673333333333342,0.0,0.7832666666666666
0.5124666666666667,0.0,0.48753333333333343
0.25101666666666667,0.002,0.7469833333333332
0.3346666666666666,0.6653333333333332,0.0
0.6440619047619045,0.3519380952380951,0.004
0.8972428571428571,0.10275714285714287,0.0
0.23216666666666666,0.7678333333333333,0.0
0.29486666666666667,0.7051333333333334,0.0
0.47230000000000005,0.5277000000000001,0.0
1.0,0.0,0.0
0.5345428571428574,0.003333333333333333,0.4621238095238094
0.5343428571428573,0.004833333333333333,0.46082380952380936
0.9778000000000001,0.0222,0.0
0.12250000000000001,0.0,0.8775
0.9872000000000001,0.0,0.0128
0.9945,0.0055,0.0
0.9861333333333333,0.013866666666666666,0.0
0.7607,0.23930000000000004,0.0
0.998,0.0,0.002
0.996,0.0,0.004
0.8518333333333333,0.11583333333333333,0.03233333333333334
0.7180666666666669,0.28193333333333337,0.0
0.1743809523809524,0.03730952380952381,0.7883095238095239
0.978,0.0,0.022
0.9951333333333333,0.0024,0.0024666666666666665
0.33636666666666665,0.6636333333333333,0.0
0.26333333333333336,0.7366666666666667,0.0
0.7574333333333337,0.24256666666666665,0.0
0.6963,0.30369999999999997,0.0
0.6505142857142857,0.0,0.3494857142857142
0.11953333333333332,0.005,0.8754666666666667
0.5263499999999999,0.004333333333333333,0.46931666666666666
0.9426666666666667,0.057333333333333326,0.0
0.7621,0.23189999999999997,0.006
0.7286904761904761,0.27130952380952367,0.0
0.9628666666666666,0.03713333333333333,0.0
0.9873333333333333,0.008666666666666666,0.004
0.9786666666666668,0.002,0.019333333333333334
0.9140571428571429,0.06684285714285716,0.0191
0.9993333333333333,0.0,0.0006666666666666666
0.969,0.031,0.0
0.969,0.031,0.0
0.9498000000000001,0.01923333333333333,0.03096666666666667
0.17351666666666668,0.04504999999999999,0.7814333333333333
0.20781666666666662,0.010916666666666665,0.7812666666666669
1.0,0.0,0.0
0.9943333333333334,0.005666666666666667,0.0
0.3196428571428571,0.0,0.6803571428571429
0.2919333333333333,0.0,0.7080666666666666
0.04873333333333334,0.7411666666666668,0.2101
0.7687999999999999,0.21419999999999997,0.017
0.9966666666666666,0.0013333333333333333,0.002
0.9966666666666666,0.0013333333333333333,0.002
0.9956666666666666,0.0,0.004333333333333333
0.992,0.0,0.008
0.018866666666666667,0.48141190476190493,0.49972142857142854
0.05511666666666666,0.535164285714286,0.40971904761904765
0.05667142857142857,0.15047619047619046,0.7928523809523811
0.20930000000000004,0.07080000000000002,0.7198999999999999
0.6046999999999998,0.3913000000000002,0.004
0.9760333333333334,0.02396666666666667,0.0
0.30998333333333333,0.6900166666666666,0.0
0.12346666666666667,0.8765333333333333,0.0
0.08583333333333333,0.9141666666666667,0.0
0.9163952380952379,0.08310476190476188,0.0005
0.9884666666666667,0.011533333333333331,0.0
0.9676666666666666,0.03233333333333334,0.0
0.8875761904761905,0.11242380952380952,0.0
0.9963333333333334,0.002,0.0016666666666666666
0.8149333333333334,0.18506666666666666,0.0
0.9650000000000001,0.035,0.0
0.9686666666666668,0.03133333333333333,0.0
0.9836666666666667,0.016333333333333335,0.0
0.9656666666666667,0.03233333333333334,0.002
0.294,0.706,0.0
0.7045500000000001,0.05633333333333333,0.23911666666666664
0.20753333333333335,0.001,0.7914666666666665
0.9204333333333333,0.04936666666666667,0.030199999999999998
0.998,0.002,0.0
1.0,0.0,0.0
1.0,0.0,0.0
0.9642999999999999,0.0337,0.002
0.9666666666666667,0.033333333333333326,0.0
0.998,0.0,0.002
0.998,0.002,0.0
0.3265333333333333,0.013933333333333334,0.6595333333333335
0.933,0.013,0.054
0.998,0.002,0.0
0.998,0.002,0.0
0.9929333333333333,0.007066666666666666,0.0
0.9634333333333331,0.002,0.03456666666666667
0.3909666666666667,0.5682095238095238,0.04082380952380953
0.571216666666667,0.38129285714285704,0.0474904761904762
0.20483333333333334,0.7951666666666666,0.0
0.998,0.002,0.0
0.9953333333333334,0.004666666666666667,0.0
1.0,0.0,0.0
1.0,0.0,0.0
0.9993333333333334,0.0006666666666666666,0.0
0.02533333333333333,0.007333333333333334,0.9673333333333333
0.9963333333333334,0.0036666666666666666,0.0
0.9683333333333333,0.03166666666666666,0.0
0.992,0.008,0.0
0.7092428571428573,0.2907571428571429,0.0
0.96,0.034333333333333334,0.005666666666666666
0.16687142857142856,0.0,0.8331285714285716
0.11377142857142855,0.06157380952380953,0.824654761904762
0.9812142857142857,0.0,0.018785714285714284
0.996,0.0,0.004
0.9195666666666668,0.0,0.08043333333333336
1.0,0.0,0.0
0.5376190476190477,0.0,0.46238095238095256
0.2576428571428572,0.10202380952380954,0.6403333333333333
0.3180333333333333,0.08735714285714286,0.5946095238095236
0.13620000000000002,0.012666666666666666,0.8511333333333332
0.17653333333333332,0.018416666666666668,0.8050500000000002
1.0,0.0,0.0
0.998,0.002,0.0
0.5630904761904763,0.4349095238095238,0.002
1.0,0.0,0.0
1.0,0.0,0.0
0.9689,0.0251,0.006
0.988,0.012,0.0
1.0,0.0,0.0
1.0,0.0,0.0
0.994,0.006,0.0
0.9981333333333333,0.0018666666666666666,0.0
0.9913333333333334,0.008666666666666666,0.0
0.992,0.008,0.0
0.9512999999999999,0.04869999999999999,0.0
0.9825999999999999,0.0,0.017400000000000002
0.998,0.0,0.002
0.9390666666666667,0.060933333333333325,0.0
0.9599428571428571,0.04005714285714286,0.0
0.9721666666666667,0.02783333333333333,0.0
0.975,0.025,0.0
0.9920000000000001,0.008,0.0
0.9931666666666668,0.006833333333333333,0.0
0.9906666666666667,0.009333333333333332,0.0
1.0,0.0,0.0
0.28819523809523806,0.0,0.7118047619047619
0.19136666666666666,0.0,0.8086333333333334
0.2107619047619048,0.0,0.7892380952380952
0.992,0.006,0.002
0.4802952380952382,0.5177047619047618,0.002
0.19737619047619043,0.8026238095238096,0.0
0.3667095238095238,0.6332904761904761,0.0
0.9973333333333334,0.002,0.0006666666666666666
0.9076333333333332,0.0865,0.005866666666666666
0.997,0.003,0.0
0.7311444444444443,0.0,0.2688555555555555
0.9617,0.033633333333333335,0.004666666666666667
0.994,0.006,0.0
0.9973333333333334,0.0,0.0026666666666666666
0.996,0.004,0.0
0.9943333333333333,0.004333333333333333,0.0013333333333333333
0.988,0.006666666666666667,0.005333333333333333
0.8955666666666667,0.10443333333333334,0.0
0.549714285714286,0.45028571428571407,0.0
0.5495952380952381,0.45040476190476175,0.0
0.331,0.669,0.0
0.9876666666666666,0.0,0.012333333333333333
0.9823,0.0,0.0177
0.996,0.002,0.002
0.995,0.005,0.0
0.03643333333333334,0.0008,0.9627666666666665
1.0,0.0,0.0
1.0,0.0,0.0
0.7765333333333332,0.22346666666666665,0.0
0.3238833333333333,0.6761166666666666,0.0
1.0,0.0,0.0
0.9776666666666667,0.0,0.022333333333333334
0.9052666666666667,0.038233333333333334,0.0565
0.1021095238095238,0.014571428571428572,0.8833190476190477
0.9064666666666664,0.001,0.09253333333333331
0.8977666666666666,0.0,0.10223333333333333
0.26326666666666665,0.0,0.7367333333333334
0.985,0.0,0.015
1.0,0.0,0.0
1.0,0.0,0.0
1.0,0.0,0.0
0.9839285714285715,0.0,0.016071428571428573
0.6297428571428572,0.012438095238095238,0.3578190476190478
0.4961404761904762,0.13531666666666667,0.36854285714285717
0.2849333333333333,0.7150666666666667,0.0
0.985,0.0,0.015
0.994,0.006,0.0
0.9912000000000001,0.0068,0.002
0.8418619047619047,0.08496190476190477,0.07317619047619048
0.9924666666666666,0.007533333333333333,0.0
0.9923333333333333,0.007666666666666666,0.0
0.9953333333333334,0.004666666666666667,0.0
0.8202999999999998,0.1427,0.037
0.8293333333333334,0.17,0.0006666666666666666
0.7958619047619048,0.02007142857142857,0.18406666666666663
0.6021666666666667,0.017166666666666663,0.38066666666666676
0.9799285714285715,0.0028,0.017271428571428576
0.922,0.07,0.008
0.30705,0.003833333333333333,0.6891166666666667
0.2511333333333333,0.0006666666666666666,0.7482000000000001
0.9646666666666668,0.035333333333333335,0.0
0.9666666666666668,0.03333333333333333,0.0
0.9886666666666667,0.011333333333333332,0.0
0.9191999999999999,0.08079999999999998,0.0
0.07126190476190476,0.44546666666666646,0.4832714285714286
0.3468476190476191,0.34891904761904735,0.30423333333333336
0.2600714285714287,0.6714761904761904,0.06845238095238095
0.05976666666666665,0.4988000000000001,0.4414333333333332
0.9293333333333332,0.050166666666666665,0.0205
0.99,0.004,0.006
0.996,0.0,0.004
0.5347571428571429,0.0013333333333333333,0.4639095238095238
0.24830000000000005,0.001,0.7506999999999999
0.14964761904761903,0.0005,0.8498523809523811
0.9721666666666666,0.0,0.02783333333333333
0.9654333333333333,0.0,0.03456666666666666
0.7914333333333333,0.0,0.20856666666666668
0.0698,0.0014,0.9288
0.2856666666666667,0.7143333333333333,0.0
0.6647,0.33530000000000004,0.0
0.8473333333333333,0.15266666666666664,0.0
0.306,0.694,0.0
0.8377666666666665,0.16223333333333337,0.0
0.896,0.10399999999999998,0.0
0.09616666666666665,0.0245,0.8793333333333333
0.13675000000000004,0.050416666666666665,0.8128333333333334
0.19420476190476188,0.0115,0.7942952380952382
0.9912000000000001,0.0,0.0088
0.9586666666666667,0.03133333333333334,0.01
0.991,0.009,0.0
1.0,0.0,0.0
0.7612333333333332,0.22876666666666667,0.01
1.0,0.0,0.0
0.7888666666666668,0.21113333333333328,0.0
0.3438333333333334,0.652,0.004166666666666666
0.7074000000000003,0.29193333333333327,0.0006666666666666666
0.9491666666666666,0.03966666666666666,0.011166666666666668
0.9127999999999998,0.0872,0.0
0.8949666666666666,0.10503333333333333,0.0
0.8637666666666666,0.13623333333333335,0.0
0.992,0.007,0.001
0.982,0.014,0.004
0.0835,0.9165000000000001,0.0
0.9913333333333334,0.008666666666666668,0.0
0.9985,0.0015,0.0
1.0,0.0,0.0
0.998,0.0,0.002
0.97,0.03,0.0
0.9846666666666667,0.015333333333333334,0.0
0.047999999999999994,0.05411904761904762,0.8978809523809527
1.0,0.0,0.0
1.0,0.0,0.0
0.8258333333333334,0.17216666666666666,0.002
1.0,0.0,0.0
0.999,0.001,0.0
0.992,0.008,0.0
0.4989666666666668,0.005199999999999999,0.49583333333333324
0.18116666666666667,0.0,0.8188333333333334
0.9873333333333334,0.012666666666666666,0.0
0.6186666666666667,0.38133333333333336,0.0
1.0,0.0,0.0
1.0,0.0,0.0
0.20207142857142862,0.0048,0.7931285714285714
0.9828666666666668,0.017133333333333334,0.0
0.994,0.006,0.0
0.1261904761904762,0.842,0.03180952380952381
0.9658000000000002,0.0162,0.018
0.9598000000000001,0.016399999999999998,0.0238
0.9855999999999999,0.0,0.014399999999999998
0.9973333333333334,0.0,0.0026666666666666666
0.996,0.0,0.004
0.9875,0.0,0.0125
0.9572,0.0428,0.0
0.9776666666666667,0.022333333333333334,0.0
0.9386666666666668,0.024833333333333332,0.0365
0.9095000000000001,0.052199999999999996,0.038299999999999994
0.9621666666666666,0.035833333333333335,0.002
0.9515,0.0475,0.001
1.0,0.0,0.0
1.0,0.0,0.0
1.0,0.0,0.0
1.0,0.0,0.0
1.0,0.0,0.0
0.15103333333333332,0.8031666666666665,0.04580000000000001
0.7996333333333332,0.12303333333333333,0.07733333333333332
0.8444333333333335,0.12206666666666668,0.0335
0.8319,0.1589761904761905,0.009123809523809524
0.8684666666666667,0.13153333333333336,0.0
0.14736666666666667,0.0031666666666666666,0.8494666666666667
0.5842166666666668,0.4157833333333333,0.0
0.994,0.006,0.0
0.988,0.012,0.0
0.9823333333333333,0.012333333333333333,0.005333333333333333
0.987,0.0,0.013
0.2221095238095238,0.0,0.7778904761904762
0.8872999999999999,0.11269999999999998,0.0
0.29266666666666663,0.0,0.7073333333333334
0.992,0.008,0.0
0.31260000000000004,0.003,0.6844
0.28823333333333334,0.0026666666666666666,0.7091
0.5298999999999997,0.004,0.4661000000000001
1.0,0.0,0.0
1.0,0.0,0.0
0.9884,0.0116,0.0
0.06583333333333334,0.0,0.9341666666666667
0.08670000000000001,0.0,0.9133000000000001
0.4954111111111111,0.0,0.504588888888889
0.7586380952380958,0.01801904761904762,0.22334285714285704
0.4854952380952382,0.02473333333333333,0.4897714285714285
0.6955142857142858,0.040502380952380956,0.26398333333333335
1.0,0.0,0.0
1.0,0.0,0.0
0.6982000000000002,0.01633333333333333,0.28546666666666676
0.5361738095238094,0.0087,0.45512619047619063
0.5848,0.005666666666666667,0.4095333333333334
1.0,0.0,0.0
0.998,0.002,0.0
0.5288666666666666,0.001,0.4701333333333334
0.5675999999999998,0.39210000000000017,0.040299999999999996
0.8133095238095238,0.18669047619047618,0.0
0.9226333333333333,0.07736666666666668,0.0
0.8529000000000003,0.14709999999999998,0.0
0.9479000000000001,0.052099999999999994,0.0
0.999,0.0,0.001
0.9309333333333333,0.04106666666666666,0.028
0.937,0.063,0.0
0.2831166666666666,0.7168833333333333,0.0
0.9981666666666668,0.0018333333333333333,0.0
0.9463333333333334,0.05366666666666666,0.0
1.0,0.0,0.0
0.9943333333333334,0.005666666666666666,0.0
0.9821,0.0,0.0179
0.999,0.0,0.001
0.9603333333333333,0.004,0.03566666666666667
0.9793333333333333,0.020666666666666663,0.0
0.21835757575757575,0.013333333333333334,0.7683090909090908
0.838,0.162,0.0
1.0,0.0,0.0
1.0,0.0,0.0
0.9952000000000001,0.0,0.0048
0.05856666666666667,0.46111428571428575,0.4803190476190476
0.2682619047619048,0.07458571428571427,0.6571523809523809
0.02783333333333333,0.43167777777777777,0.5404888888888889
0.058100000000000006,0.13004444444444446,0.8118555555555556
0.2289047619047619,0.0,0.7710952380952382
0.5446571428571426,0.0,0.4553428571428572
0.2011666666666667,0.7988333333333333,0.0
1.0,0.0,0.0
1.0,0.0,0.0
0.9963333333333334,0.0,0.0036666666666666666
0.9871666666666667,0.0,0.012833333333333332
0.977,0.0,0.023
0.8664666666666667,0.1335333333333333,0.0
0.993,0.004,0.003
0.994,0.006,0.0
0.9829333333333333,0.015333333333333332,0.0017333333333333335
0.9763333333333334,0.023666666666666666,0.0
0.9883333333333334,0.009666666666666667,0.002
0.6871166666666667,0.3128833333333335,0.0
0.8753000000000001,0.0992,0.025500000000000002
0.8622666666666666,0.12240000000000001,0.015333333333333332
0.8805666666666668,0.08183333333333334,0.0376
0.9007333333333334,0.001,0.09826666666666668
0.9337333333333332,0.040600000000000004,0.025666666666666664
1.0,0.0,0.0
1.0,0.0,0.0
0.998,0.002,0.0
1.0,0.0,0.0
1.0,0.0,0.0
1.0,0.0,0.0
1.0,0.0,0.0
1.0,0.0,0.0
0.07379999999999999,0.6891666666666666,0.2370333333333333
1.0,0.0,0.0
0.9992000000000001,0.0008,0.0
0.992,0.008,0.0
0.19209682539682538,0.03828571428571429,0.7696174603174604
0.26409999999999995,0.632,0.10389999999999998
0.05670476190476191,0.8798095238095236,0.06348571428571428
0.9902666666666666,0.009733333333333333,0.0
0.11360952380952383,0.0,0.8863904761904763
0.16163333333333335,0.0,0.8383666666666667
0.3265,0.6735,0.0
0.996,0.004,0.0
1.0,0.0,0.0
0.9946666666666666,0.0,0.005333333333333333
0.9526666666666667,0.04733333333333334,0.0
0.9824666666666667,0.017533333333333335,0.0
0.9873,0.0127,0.0
0.9966666666666667,0.003333333333333333,0.0
0.9910666666666668,0.006133333333333333,0.0028
0.08656666666666665,0.004,0.9094333333333333
0.9788666666666667,0.007333333333333333,0.0138
0.21002857142857143,0.009252380952380953,0.7807190476190478
0.9694428571428572,0.026557142857142856,0.004
0.998,0.002,0.0
0.2936666666666667,0.7028333333333334,0.0035
0.6486999999999999,0.3359999999999999,0.015300000000000001
0.996,0.004,0.0
0.9946666666666667,0.005333333333333333,0.0
0.972,0.028,0.0
1.0,0.0,0.0
0.81,0.19,0.0
0.23049999999999995,0.7695000000000002,0.0
0.5450222222222224,0.45497777777777787,0.0
0.8177,0.18030000000000002,0.002
0.29916666666666664,0.6988333333333333,0.002
0.13153333333333334,0.005,0.8634666666666668
0.19300000000000003,0.004,0.8029999999999999
0.6078333333333333,0.0,0.3921666666666667
0.44964047619047626,0.00125,0.5491095238095238
0.9360333333333334,0.06196666666666666,0.002
0.8210380952380952,0.15096190476190477,0.028
0.7626428571428573,0.1464047619047619,0.09095238095238097
1.0,0.0,0.0
0.995,0.005,0.0
0.9984,0.0016,0.0
0.998,0.0,0.002
1.0,0.0,0.0
0.9993333333333333,0.0,0.0006666666666666666
0.9993333333333333,0.0,0.0006666666666666666
0.9893333333333333,0.0,0.010666666666666668
0.9400571428571429,0.0006666666666666666,0.05927619047619047
0.8935333333333333,0.0,0.10646666666666667
0.8187174603174603,0.0,0.18128253968253968
0.3458666666666666,0.0,0.6541333333333333
0.08146666666666666,0.0,0.9185333333333333
0.0752,0.7547999999999999,0.17
0.3175666666666667,0.0,0.6824333333333334
0.5434595238095234,0.0,0.4565404761904764
0.30570952380952393,0.002,0.6922904761904765
0.9828333333333333,0.013166666666666667,0.004
0.998,0.002,0.0
0.3061666666666667,0.005666666666666666,0.6881666666666667
0.994,0.006,0.0
0.982,0.018,0.0
0.9866,0.0134,0.0
0.9822,0.0,0.0178
0.9722666666666666,0.027733333333333332,0.0
0.9439333333333333,0.05606666666666667,0.0
0.998,0.002,0.0
0.998,0.002,0.0
0.996,0.004,0.0
0.9732666666666667,0.0,0.026733333333333338
0.99,0.01,0.0
0.8469666666666666,0.0,0.15303333333333333
0.13463333333333333,0.8653666666666667,0.0
0.6678666666666668,0.3321333333333334,0.0
0.8977666666666667,0.1022333333333333,0.0
0.9323666666666667,0.06763333333333332,0.0
0.08616666666666667,0.9138333333333335,0.0
0.11943333333333332,0.8805666666666667,0.0
0.996,0.002,0.002
0.9893,0.0072,0.0035
0.998,0.002,0.0
1.0,0.0,0.0
1.0,0.0,0.0
0.3581333333333334,0.036533333333333334,0.6053333333333334
0.18898888888888887,0.0012222222222222224,0.8097888888888888
0.49373333333333325,0.0,0.5062666666666669
0.9447000000000001,0.0025,0.0528
0.9458666666666667,0.003,0.05113333333333332
0.9317761904761903,0.06822380952380953,0.0
0.988,0.008,0.004
0.9923333333333334,0.001,0.006666666666666666
0.9296333333333334,0.07036666666666665,0.0
1.0,0.0,0.0
0.24206666666666668,0.0075,0.7504333333333333
0.996,0.002,0.002
0.998,0.0,0.002
0.9953333333333334,0.002,0.0026666666666666666
0.9965,0.0035,0.0
0.9963333333333334,0.0006666666666666666,0.003
0.988,0.012,0.0
0.963,0.037,0.0
0.9280857142857144,0.026373809523809525,0.04554047619047619
0.911,0.0,0.089
0.8121587301587302,0.09454206349206351,0.09329920634920635
0.9228238095238095,0.002,0.07517619047619047
0.994,0.002,0.004
0.999,0.001,0.0
0.9811666666666666,0.002,0.016833333333333332
0.9828,0.0,0.0172
0.9216666666666665,0.0,0.07833333333333331
0.9813333333333333,0.018666666666666665,0.0
1.0,0.0,0.0
1.0,0.0,0.0
0.7809309523809526,0.0,0.21906904761904758
0.7437476190476193,0.0,0.2562523809523809
0.7898095238095241,0.0,0.21019047619047612
0.4756333333333331,0.5050333333333336,0.01933333333333333
0.9653333333333334,0.03466666666666667,0.0
1.0,0.0,0.0
0.9836666666666666,0.010333333333333332,0.006
0.1027,0.0,0.8973
0.9905,0.007499999999999999,0.002
0.999,0.0,0.001
0.9923333333333333,0.0,0.007666666666666666
0.7861666666666667,0.1811333333333333,0.0327
0.6348333333333329,0.004399999999999999,0.36076666666666657
0.21728095238095244,0.010500000000000002,0.7722190476190475
0.9486666666666667,0.029233333333333333,0.0221
0.936595238095238,0.023333333333333334,0.04007142857142857
0.7507333333333335,0.12717777777777778,0.1220888888888889
0.7486904761904762,0.2513095238095238,0.0
0.994,0.004,0.002
0.15226666666666666,0.006666666666666667,0.8410666666666666
0.9703333333333333,0.028666666666666667,0.001
0.8302666666666668,0.1697333333333333,0.0
0.7716666666666668,0.16866666666666663,0.059666666666666666
1.0,0.0,0.0
0.997,0.0,0.003
0.8294000000000002,0.15676666666666667,0.013833333333333333
0.9671904761904762,0.02757142857142857,0.005238095238095238
0.8358666666666665,0.12813333333333332,0.036
0.9432809523809523,0.05591904761904762,0.0008
0.3231666666666667,0.05508333333333333,0.6217500000000001
0.6261666666666666,0.015083333333333332,0.35875
0.9423190476190476,0.02421904761904762,0.03346190476190476
0.9605833333333333,0.017333333333333333,0.022083333333333333
0.7931666666666668,0.042628571428571425,0.16420476190476194
0.9067952380952378,0.04312857142857142,0.05007619047619046
0.998,0.002,0.0
0.993,0.007,0.0
0.8494761904761904,0.04807857142857142,0.10244523809523812
0.22899285714285716,0.04151666666666667,0.7294904761904761
0.1371238095238095,0.0,0.8628761904761905
0.15666666666666665,0.0,0.8433333333333333
0.5214333333333334,0.0504,0.42816666666666664
0.996,0.0,0.004
0.6514,0.3485999999999999,0.0
0.3275,0.6725,0.0
0.6472238095238094,0.35277619047619035,0.0
1.0,0.0,0.0
0.8076666666666668,0.19233333333333336,0.0
0.996,0.002,0.002
0.996,0.002,0.002
0.9925,0.0075,0.0
0.3254,0.6582666666666667,0.01633333333333333
0.9091666666666667,0.003,0.08783333333333333
0.8778857142857144,0.003,0.11911428571428569
0.972,0.024666666666666667,0.003333333333333333
0.998,0.002,0.0
0.3493333333333334,0.6506666666666667,0.0
0.16699523809523814,0.051404761904761904,0.7816000000000001
0.995,0.0,0.005
0.9751571428571428,0.0,0.024842857142857142
0.978,0.018,0.004
0.9916666666666666,0.004,0.004333333333333333
1.0,0.0,0.0
0.998,0.002,0.0
0.14836666666666665,0.012,0.8396333333333336
0.087,0.9129999999999999,0.0
0.8830476190476192,0.11695238095238095,0.0
0.9255238095238096,0.07447619047619049,0.0
0.19326666666666664,0.8067333333333333,0.0
0.8802333333333333,0.11976666666666666,0.0
0.989,0.011,0.0
0.7304166666666667,0.2228,0.04678333333333333
0.9976666666666666,0.002333333333333333,0.0
1.0,0.0,0.0
0.999,0.001,0.0
1.0,0.0,0.0
0.967,0.033,0.0
0.9715333333333332,0.028466666666666664,0.0
0.9775333333333334,0.02246666666666667,0.0
0.8127666666666669,0.18723333333333325,0.0
1.0,0.0,0.0
1.0,0.0,0.0
0.912033333333333,0.0,0.08796666666666665
0.9184666666666667,0.0,0.08153333333333333
0.5440333333333334,0.0,0.4559666666666666
0.9986666666666666,0.0013333333333333333,0.0
1.0,0.0,0.0
0.4976333333333332,0.0006666666666666666,0.5017000000000001
0.1834666666666666,0.0,0.8165333333333333
0.189,0.8090000000000002,0.002
0.9718333333333333,0.025166666666666667,0.003
0.996,0.004,0.0
0.9759666666666666,0.02403333333333333,0.0
0.6754333333333334,0.3245666666666667,0.0
0.96,0.026833333333333334,0.013166666666666667
0.7341857142857143,0.2658142857142858,0.0
0.2934666666666667,0.7032,0.003333333333333333
0.12469999999999999,0.15863333333333332,0.7166666666666667
0.9377666666666667,0.0,0.062233333333333335
0.9843999999999999,0.0015333333333333332,0.014066666666666667
0.9403666666666667,0.04416666666666667,0.015466666666666667
0.9309333333333333,0.03306666666666666,0.036
0.14590952380952385,0.03319999999999999,0.8208904761904765
0.21316666666666662,0.004,0.7828333333333334
0.07293333333333334,0.0026666666666666666,0.9244
0.9836666666666666,0.013333333333333332,0.003
0.9901333333333333,0.0,0.009866666666666668
0.909,0.0,0.091
0.9378,0.0,0.062200000000000005
0.994,0.006,0.0
0.957,0.0,0.04299999999999999
0.8023428571428568,0.15499047619047626,0.042666666666666665
0.1818666666666667,0.009666666666666665,0.8084666666666668
1.0,0.0,0.0
0.998,0.002,0.0
0.9946666666666666,0.0,0.005333333333333333
0.995,0.002,0.003
0.035566666666666656,0.007833333333333333,0.9566000000000001
0.051066666666666656,0.009833333333333335,0.9391000000000002
0.9930333333333333,0.004966666666666667,0.002
0.9921666666666666,0.005833333333333333,0.002
0.9903333333333334,0.0,0.009666666666666667
0.7427333333333334,0.002,0.2552666666666667
0.31253333333333333,0.0,0.6874666666666667
0.953,0.04700000000000001,0.0
0.9737666666666667,0.02623333333333333,0.0
0.947,0.053,0.0
0.14501428571428568,0.006166666666666666,0.8488190476190478
0.6576333333333332,0.016,0.3263666666666667
0.7122333333333333,0.007933333333333334,0.2798333333333334
0.9758571428571429,0.006,0.01814285714285714
0.9893333333333333,0.005666666666666667,0.005
0.32800000000000007,0.345,0.327
0.2401952380952381,0.0,0.759804761904762
0.1696333333333334,0.67,0.1603666666666666
0.5907238095238097,0.18157857142857137,0.227697619047619
0.9886666666666667,0.0,0.011333333333333332
0.9790333333333333,0.0,0.020966666666666668
0.8629595238095237,0.0,0.13704047619047624
0.9205,0.0,0.07950000000000002
0.986,0.014,0.0
0.03676666666666666,0.004066666666666666,0.9591666666666666
0.39206666666666673,0.026099999999999998,0.5818333333333332
0.6190619047619048,0.38093809523809524,0.0
0.7653333333333333,0.23466666666666672,0.0
0.9941904761904762,0.003,0.0028095238095238095
0.2129833333333334,0.0,0.7870166666666664
0.3821222222222222,0.037999999999999985,0.5798777777777774
0.9188666666666666,0.08113333333333334,0.0
0.9100666666666666,0.08993333333333332,0.0
1.0,0.0,0.0
1.0,0.0,0.0
1.0,0.0,0.0
1.0,0.0,0.0
0.7618634920634922,0.02373809523809524,0.21439841269841262
0.8555880952380952,0.05390238095238095,0.09050952380952379
0.30513333333333337,0.0,0.6948666666666666
0.4478000000000001,0.005,0.5471999999999999
0.1974666666666667,0.052,0.7505333333333333
0.0245,0.46605238095238094,0.509447619047619
0.044166666666666674,0.20940952380952385,0.7464238095238095
1.0,0.0,0.0
0.9703333333333333,0.0,0.029666666666666668
0.5389285714285714,0.44190476190476197,0.01916666666666667
0.996,0.004,0.0
1.0,0.0,0.0
0.9856666666666665,0.0,0.014333333333333333
0.6025000000000001,0.3975,0.0
0.5713761904761904,0.42862380952380946,0.0
0.3544,0.6456000000000001,0.0
0.9900000000000001,0.005,0.005
0.9948333333333333,0.004666666666666666,0.0005
0.9973333333333334,0.002,0.0006666666666666666
0.9933333333333333,0.005666666666666666,0.001
0.4076,0.17759047619047622,0.41480952380952385
0.9556428571428571,0.0,0.04435714285714285
0.8340333333333333,0.0,0.1659666666666667
0.9826666666666666,0.017333333333333336,0.0
0.9006333333333333,0.09856666666666668,0.0008
0.994,0.006,0.0
0.988,0.012,0.0
0.9929333333333334,0.0,0.007066666666666666
0.9422666666666667,0.0,0.05773333333333333
0.9605333333333334,0.0,0.03946666666666667
0.9304666666666666,0.0,0.06953333333333335
0.579971428571429,0.4180285714285716,0.002
0.008666666666666666,0.0798,0.9115333333333333
0.5002666666666665,0.2109,0.2888333333333334
0.997,0.001,0.002
0.9916666666666667,0.0,0.008333333333333333
0.9176333333333333,0.07036666666666666,0.012
1.0,0.0,0.0
0.9906666666666666,0.0,0.009333333333333332
0.9766666666666668,0.0,0.023333333333333334
0.9883,0.0013333333333333333,0.010366666666666666
0.9806666666666666,0.0,0.019333333333333334
0.16473333333333334,0.013866666666666666,0.8213999999999999
0.7351571428571431,0.14460952380952377,0.12023333333333332
0.0486,0.45140238095238105,0.499997619047619
0.15072380952380954,0.028433333333333335,0.8208428571428573
0.172,0.8279999999999998,0.0
0.8171380952380951,0.18286190476190478,0.0
0.9138000000000001,0.08620000000000003,0.0
0.9494999999999998,0.0505,0.0
0.6336333333333335,0.3663666666666667,0.0
0.18726666666666666,0.8127333333333333,0.0
0.6602857142857144,0.33971428571428575,0.0
0.19279999999999997,0.8072,0.0
0.9830666666666666,0.016933333333333335,0.0
0.8907999999999999,0.1,0.0092
0.6936666666666668,0.3063333333333333,0.0
0.998,0.002,0.0
0.9863333333333333,0.013666666666666666,0.0
0.8986380952380953,0.10136190476190475,0.0
0.9506000000000001,0.049399999999999986,0.0
0.9682666666666666,0.03173333333333333,0.0
0.2090238095238095,0.0015,0.7894761904761904
0.999,0.0,0.001
0.9863333333333335,0.0,0.013666666666666664
0.02217142857142857,0.5279119047619045,0.44991666666666674
1.0,0.0,0.0
0.998,0.002,0.0
0.9423238095238095,0.05767619047619047,0.0
0.9846666666666667,0.015333333333333334,0.0
0.992,0.008,0.0
0.12173333333333332,0.8600999999999999,0.018166666666666668
0.9442999999999999,0.014,0.0417
0.9271333333333335,0.0075,0.06536666666666666
0.0729047619047619,0.46527142857142834,0.4618238095238097
0.13520000000000001,0.0092,0.8556
0.9596666666666668,0.0006666666666666666,0.03966666666666666
0.9957333333333334,0.004266666666666667,0.0
0.07775714285714284,0.05946666666666667,0.8627761904761907
0.997,0.003,0.0
0.997,0.0,0.003
0.871,0.0715,0.0575
0.998,0.002,0.0
0.6117,0.005,0.38330000000000003
0.9551333333333333,0.025333333333333333,0.019533333333333337
0.996,0.004,0.0
0.99,0.01,0.0
0.6071333333333332,0.1059238095238095,0.2869428571428571
0.9956666666666666,0.002333333333333333,0.002
0.9872000000000001,0.0128,0.0
0.9806000000000002,0.018733333333333334,0.0006666666666666666
0.998,0.0,0.002
0.9993333333333334,0.0,0.0006666666666666666
0.9953333333333334,0.0,0.004666666666666667
0.6580571428571429,0.19475238095238093,0.14719047619047615
0.2293333333333333,0.6266666666666666,0.144
1.0,0.0,0.0
0.18133333333333335,0.034,0.7846666666666666
0.1413,0.002,0.8567000000000002
0.9984,0.0,0.0016
0.996,0.0,0.004
0.9477333333333333,0.04013333333333334,0.012133333333333335
0.9917999999999999,0.008199999999999999,0.0
0.9426666666666667,0.05733333333333333,0.0
